room4: 596.5158 6.8618 15.102
room5: 757.7847 14.0102 15.6317 
room6: 1068.3029 7.3969 25.4621 
room7: 608.6739 6.1448 18.47 
room8: 687.5261 9.2216 16.3528 
room9: 900.6099 5.5777 22.1686 
room10: 1227.4906 6.7596 29.9198
room12: 595.0483 7.302 10.2801
room14: 608.6611 10.2231 12.0773 
room15: 640.5045 11.8591 15.5963
room20: 623.3991 9.0204 14.4139 
-----
room1: 607.1186 11.9835 12.3432
room2: 687.7732 6.4021 19.7374
room3: 579.0151 9.2877 18.4279
room11: 622.2205 8.0262 7.8682
room13: 596.2539 8.3194 11.9869
room16: 712.2408 14.5619 16.0261 Fail
room17: 629.8353 9.2203 17.1738 Fail
room18: 689.2127 9.733 14.7353 Fail
room19: 629.0477 11.6073 12.2998