room1: 596.4481 11.1701 19.6756 
room2: 687.7732 6.4021 27.2326 
room3: 621.3154 7.2389 32.2787 
room4: 568.1137 6.016 15.9396 
room5: 576.8224 5.9975 16.0662 
room6: 1047.3046 9.1364 38.0133 
room7: 608.6788 6.1536 25.3893 
room8: 678.5294 9.6149 19.8857 
room9: 967.7376 7.9054 24.0048 
room10: 1225.6773 5.9242 38.3966 
room11: 622.2205 8.0262 9.7895 
room12: 595.0483 7.302 12.6551 
room1: 596.4481 11.1701 17.4758 
room2: 687.7732 6.4021 22.9479 
room3: 621.3154 7.2389 28.1865 
room4: 568.1137 6.016 14.3309 
room5: 576.8224 5.9975 14.2397 
room6: 1047.3046 9.1364 32.5591 
room7: 608.6788 6.1536 22.2994 
room8: 678.5294 9.6149 17.9112 
room9: 967.7376 7.9054 21.1814 
room10: 1225.6773 5.9242 33.0047 
room11: 622.2205 8.0262 8.4917 
room12: 595.0483 7.302 10.9959 
room13: 584.0959 9.3075 13.3395 
room14: 602.1899 8.8864 13.9043 
room15: 622.445 9.6024 14.8502 
room16: 773.3802 16.1695 23.4472 
room17: 643.5999 8.1191 18.2989 
room18: 795.461 7.521 19.1276 
room19: 664.4135 5.8386 16.8243 
room20: 623.7491 8.6265 18.1208 
