dense3: 580.6207 12.4697 11.9176
dense4: 675.0102 9.2896 11.2954 
dense5: 558.5565 6.8711 9.4066 
dense6: 1146.7855 9.3543 18.8361
dense11: 534.2252 10.6772 4.1228
dense13: 610.127 8.8695 12.0054 
dense14: 506.2307 4.8194 5.9023
dense16: 579.2724 12.3211 11.2482 
dense17: 581.1652 9.7764 9.4406
dense19: 581.8322 17.6704 12.0327 
dense20: 486.2785 1.1279 4.1562 
-----
dense1: 643.8731 11.4379 19.1263
dense2: 592.229 9.035 7.8474
dense7: 522.0436 2.9309 7.6633
dense8: 1191.3582 10.1505 24.699
dense9: 573.0132 10.0778 10.5367
dense10: 961.3563 14.7186 13.4612
dense12: 616.8241 16.1206 10.6949 Fail
dense15: 562.6469 13.1532 11.2468
dense18: 516.734 4.8307 7.7121