dense3: 616.692 8.6807 11.6466
dense4: 700.415 11.0685 8.2825 
dense5: 657.6444 10.4945 14.015 
dense6: 1126.2722 6.7855 23.5828
dense11: 525.4461 4.5482 7.569
dense13: 624.9681 11.193 11.6279 
dense14: 499.523 6.236 4.7919
dense16: 561.2683 5.6205 6.3613 
dense17: 548.1893 9.1376 7.7841
dense19: 579.8072 13.0871 8.0204 
dense20: 518.5643 8.2461 5.0324
------
dense1: 676.277 12.5171 11.0523 Fail
dense2: 536.8795 8.1677 7.9016
dense7: 641.5277 12.3251 9.5028
dense8: Fail
dense9: 570.7944 8.6391 7.468
dense10: 1064.7755 14.1281 16.5577 Fail
dense12: 624.2431 13.0948 11.3058
dense15: 561.7683 11.2809 11.3199
dense18: 578.7165 22.7359 8.6954